1.000000
1.000000
1.000000
1.000000
1.000000
1.000000
1.000000
1.000000
1.000000
1.000000
1.000000
1.000000
1.000000
1.000000
1.000000
1.000000
1.000000
1.000000
1.000000
1.000000
1.000000
1.000000
1.000000
1.000000
1.000000
1.000000
1.000000
1.000000
1.000000
1.000000
1.000000
1.000000
1.000000
1.000000
1.000000
1.000000
1.000000
1.000000
1.000000
1.000000
1.000000
1.000000
1.000000
1.000000
1.000000
1.000000
1.000000
1.000000
1.000000
1.000000
1.000000
1.000000
1.000000
1.000000
1.000000
1.000000
1.000000
1.000000
1.000000
1.000000
1.000000
1.000000
1.000000
1.000000
1.000000
1.000000
1.000000
1.000000
1.000000
1.000000
1.000000
1.000000
1.000000
1.000000
1.000000
1.000000
1.000000
1.000000
1.000000
1.000000
1.000000
1.000000
1.000000
1.000000
1.000000
1.000000
1.000000
1.000000
1.000000
1.000000
1.000000
1.000000
1.000000
1.000000
1.000000
1.000000
1.000000
1.000000
1.000000
1.000000
1.000000
1.000000
1.000000
1.000000
1.000000
1.000000
1.000000
1.000000
1.000000
1.000000
1.000000
1.000000
1.000000
1.000000
1.000000
1.000000
1.000000
1.000000
1.000000
1.000000
1.000000
1.000000
1.000000
1.000000
1.000000
1.000000
1.000000
1.000000
1.000000
1.000000
1.000000
1.000000
1.000000
1.000000
1.000000
1.000000
1.000000
1.000000
1.000000
1.000000
1.000000
1.000000
1.000000
1.000000
1.000000
1.000000
1.000000
1.000000
1.000000
1.000000
1.000000
1.000000
1.000000
1.000000
1.000000
1.000000
1.000000
1.000000
1.000000
1.000000
1.000000
1.000000
1.000000
1.000000
1.000000
1.000000
1.000000
1.000000
0.993935
0.987869
0.978493
0.969117
0.971265
0.973413
0.977544
0.981675
0.981827
0.981979
0.988188
0.994397
0.995602
0.996806
0.997814
0.998821
0.997193
0.995564
0.994019
0.992474
0.968955
0.945436
0.921269
0.897102
0.902815
0.908528
0.921776
0.935023
0.940400
0.945776
0.949588
0.953400
0.965202
0.977003
0.985191
0.993378
0.996370
0.999362
0.999681
1.000000
1.000000
1.000000
1.000000
1.000000
1.000000
1.000000
1.000000
1.000000
1.000000
1.000000
1.000000
1.000000
1.000000
1.000000
1.000000
1.000000
1.000000
1.000000
1.000000
1.000000
0.984370
0.968740
0.973090
0.977440
0.977014
0.976588
0.983498
0.990407
0.990099
0.989791
0.992909
0.996027
0.996778
0.997529
0.997877
0.998225
0.994637
0.991049
0.971476
0.951903
0.932059
0.912215
0.937464
0.962712
0.946749
0.930786
0.946077
0.961368
0.956475
0.951581
0.961505
0.971430
0.976466
0.981502
0.989130
0.996758
0.996544
0.996330
0.997845
0.999360
0.999680
1.000000
1.000000
1.000000
1.000000
1.000000
1.000000
1.000000
1.000000
1.000000
1.000000
1.000000
0.999877
0.999755
0.998583
0.997412
0.994775
0.992137
0.992378
0.992619
0.995993
0.999367
0.998992
0.998616
0.983136
0.967655
0.915428
0.863201
0.873822
0.884443
0.907771
0.931100
0.906215
0.881331
0.878993
0.876655
0.900903
0.925151
0.916163
0.907175
0.914623
0.922071
0.920676
0.919281
0.936108
0.952935
0.943386
0.933838
0.912329
0.890821
0.806802
0.722784
0.694131
0.665478
0.764042
0.862605
0.806007
0.749410
0.752807
0.756205
0.755599
0.754992
0.767908
0.780824
0.804023
0.827221
0.870208
0.913196
0.897646
0.882095
0.899819
0.917542
0.933326
0.949111
0.958858
0.968606
0.978300
0.987994
0.992196
0.996398
0.998194
0.999990
0.999564
0.999137
0.999568
1.000000
1.000000
1.000000
1.000000
1.000000
1.000000
1.000000
1.000000
1.000000
1.000000
1.000000
1.000000
1.000000
1.000000
1.000000
1.000000
1.000000
1.000000
1.000000
1.000000
1.000000
1.000000
1.000000
1.000000
1.000000
1.000000
1.000000
0.999760
0.999520
0.999722
0.999924
0.999713
0.999502
0.991360
0.983218
0.968310
0.953403
0.935576
0.917749
0.923145
0.928540
0.949649
0.970758
0.939215
0.907672
0.927450
0.947229
0.936303
0.925378
0.922447
0.919517
0.925541
0.931565
0.946785
0.962005
0.958597
0.955189
0.946321
0.937454
0.917746
0.898038
0.870367
0.842697
0.805323
0.767949
0.770171
0.772393
0.801627
0.830860
0.837376
0.843891
0.834686
0.825481
0.853502
0.881524
0.855011
0.828499
0.844660
0.860821
0.864111
0.867401
0.879605
0.891809
0.901283
0.910757
0.917463
0.924168
0.930207
0.936245
0.935521
0.934796
0.950957
0.967117
0.972180
0.977243
0.975060
0.972876
0.970858
0.968839
0.966119
0.963399
0.967582
0.971766
0.978980
0.986195
0.989390
0.992585
0.995791
0.998996
0.999498
1.000000
1.000000
1.000000
1.000000
1.000000
1.000000
1.000000
1.000000
1.000000
1.000000
1.000000
0.999930
0.999860
0.999787
0.999715
0.997569
0.995424
0.993622
0.991820
0.990151
0.988483
0.989309
0.990135
0.983127
0.976118
0.978725
0.981333
0.979745
0.978157
0.963857
0.949557
0.911649
0.873741
0.818993
0.764244
0.728821
0.693398
0.666152
0.638906
0.632481
0.626057
0.709625
0.793193
0.772354
0.751514
0.693682
0.635850
0.640065
0.644280
0.652253
0.660227
0.643749
0.627271
0.643976
0.660682
0.676950
0.693218
0.745843
0.798468
0.793109
0.787751
0.766194
0.744638
0.740586
0.736533
0.688529
0.640524
0.547683
0.454841
0.356777
0.258713
0.202518
0.146322
0.152560
0.158797
0.187562
0.216328
0.342582
0.468837
0.412263
0.355688
0.299838
0.243988
0.261909
0.279829
0.308012
0.336195
0.338524
0.340853
0.340426
0.339999
0.383048
0.426097
0.406218
0.386338
0.459489
0.532640
0.519258
0.505876
0.506400
0.506924
0.553044
0.599164
0.598676
0.598187
0.674273
0.750359
0.773808
0.797257
0.790384
0.783511
0.753272
0.723033
0.725305
0.727577
0.747476
0.767374
0.797682
0.827990
0.828583
0.829176
0.858992
0.888809
0.912172
0.935535
0.943222
0.950908
0.953403
0.955898
0.963095
0.970292
0.975868
0.981445
0.985013
0.988581
0.983351
0.978122
0.977966