522.000000
552.500000
583.000000
549.500000
516.000000
524.000000
532.000000
535.000000
538.000000
517.500000
497.000000
541.500000
586.000000
571.500000
557.000000
566.500000
576.000000
552.000000
528.000000
539.500000
551.000000
544.500000
538.000000
550.500000
563.000000
553.500000
544.000000
522.000000
500.000000
449.000000
398.000000
471.000000
544.000000
545.500000
547.000000
566.500000
586.000000
557.000000
528.000000
547.500000
567.000000
600.000000
633.000000
627.000000
621.000000
602.000000
583.000000
616.000000
649.000000
658.500000
668.000000
655.500000
643.000000
636.500000
630.000000
643.000000
656.000000
652.500000
649.000000
649.000000
649.000000
657.000000
665.000000
651.000000
637.000000
635.000000
633.000000
638.000000
643.000000
628.500000
614.000000
633.500000
653.000000
648.000000
643.000000
636.500000
630.000000
641.500000
653.000000
654.500000
656.000000
657.500000
659.000000
649.500000
640.000000
592.000000
544.000000
573.000000
602.000000
619.500000
637.000000
621.000000
605.000000
619.000000
633.000000
628.500000
624.000000
619.000000
614.000000
616.000000
618.000000
603.500000
589.000000
597.000000
605.000000
621.000000
637.000000
624.000000
611.000000
612.500000
614.000000
616.000000
618.000000
606.500000
595.000000
581.000000
567.000000
552.500000
538.000000
562.000000
586.000000
590.500000
595.000000
604.500000
614.000000
593.500000
573.000000
585.500000
598.000000
608.000000
618.000000
605.000000
592.000000
598.500000
605.000000
613.000000
621.000000
613.000000
605.000000
587.500000
570.000000
581.000000
592.000000
597.000000
602.000000
603.500000
605.000000
597.000000
589.000000
593.500000
598.000000
595.000000
592.000000
598.500000
605.000000
598.500000
592.000000
585.500000
579.000000
581.000000
583.000000
584.500000
586.000000
589.000000
592.000000
584.000000
576.000000
582.500000
589.000000
584.000000
579.000000
587.000000
595.000000
596.500000
598.000000
592.000000
586.000000
582.500000
579.000000
582.500000
586.000000
590.500000
595.000000
595.000000
595.000000
585.500000
576.000000
576.000000
576.000000
561.500000
547.000000
560.000000
573.000000
571.500000
570.000000
571.500000
573.000000
568.000000
563.000000
561.500000
560.000000
557.000000
554.000000
562.000000
570.000000
566.500000
563.000000
560.000000
557.000000
554.000000
551.000000
551.000000
551.000000
546.000000
541.000000
536.500000
532.000000
541.500000
551.000000
551.000000
551.000000
546.000000
541.000000
536.500000
532.000000
532.000000
532.000000
536.500000
541.000000
536.500000
532.000000
528.500000
525.000000
526.500000
528.000000
528.000000
528.000000
528.000000
528.000000
525.000000
522.000000
519.000000
516.000000
517.500000
519.000000
517.500000
516.000000
509.500000
503.000000
503.000000
503.000000
507.500000
512.000000
507.500000
503.000000
480.500000
458.000000
461.500000
465.000000
484.000000
503.000000
500.000000
497.000000
497.000000
497.000000
495.000000
493.000000
493.000000
493.000000
491.500000
490.000000
487.000000
484.000000
484.000000
484.000000
482.500000
481.000000
481.000000
481.000000
479.000000
477.000000
475.500000
474.000000
471.000000
468.000000
466.500000
465.000000
466.500000
468.000000
466.500000
465.000000
463.500000
462.000000
462.000000
462.000000
458.500000
455.000000
455.000000
455.000000
452.000000
449.000000
445.500000
442.000000
445.500000
449.000000
449.000000
449.000000
445.500000
442.000000
442.000000
442.000000
440.500000
439.000000
437.500000
436.000000
436.000000
436.000000
431.500000
427.000000
425.000000
423.000000
425.000000
427.000000
428.500000
430.000000
428.500000
427.000000
425.000000
423.000000
423.000000
423.000000
423.000000
423.000000
421.500000
420.000000
418.500000
417.000000
415.500000
414.000000
409.000000
404.000000
404.000000
404.000000
407.500000
411.000000
409.000000
407.000000
407.000000
407.000000
405.500000
404.000000
402.500000
401.000000
401.000000
401.000000
401.000000
401.000000
399.500000
398.000000
396.500000
395.000000
395.000000
395.000000
395.000000
395.000000
390.000000
385.000000
382.000000
379.000000
382.000000
385.000000
385.000000
385.000000
383.500000
382.000000
382.000000
382.000000
382.000000
382.000000
380.500000
379.000000
377.500000
376.000000
376.000000
376.000000
376.000000
376.000000
376.000000
376.000000
374.000000
372.000000
369.000000
366.000000
364.500000
363.000000
364.500000
366.000000
366.000000
366.000000
364.500000
363.000000
363.000000
363.000000
360.000000
357.000000
357.000000
357.000000
355.000000
353.000000
353.000000
353.000000
355.000000
357.000000
355.000000
353.000000
353.000000
353.000000
350.000000
347.000000
344.000000
341.000000
342.500000
344.000000
344.000000
344.000000
344.000000
344.000000
344.000000
344.000000
342.500000
341.000000
337.500000
334.000000
332.500000
331.000000
334.000000
337.000000
335.500000
334.000000
334.000000
334.000000
332.500000
331.000000
329.500000
328.000000
329.500000
331.000000
324.500000
318.000000
316.000000
314.000000
315.500000
317.000000
305.500000
294.000000
297.500000
301.000000
311.000000
321.000000
319.000000
317.000000
317.500000
318.000000
316.000000
314.000000
304.000000
294.000000
293.500000
293.000000
302.500000
312.000000
312.500000
313.000000
312.500000
312.000000
312.500000
313.000000
311.000000
309.000000
307.500000
306.000000
305.000000
304.000000
304.000000
304.000000
304.000000
304.000000
302.500000
301.000000
301.000000
301.000000
300.000000
299.000000
298.500000
298.000000
298.500000
299.000000
297.000000
295.000000
292.000000
289.000000
288.500000
288.000000
287.000000
286.000000
285.000000
284.000000
281.500000
279.000000
277.500000
276.000000
277.000000
278.000000
277.500000
277.000000
275.500000
274.000000
273.500000
273.000000
271.000000
269.000000
266.000000
263.000000
262.500000
262.000000
262.500000
263.000000
263.500000
264.000000
264.000000
264.000000
264.000000
264.000000
263.500000
263.000000
260.500000
258.000000
257.000000
256.000000
256.000000
256.000000
254.000000
252.000000
252.000000
252.000000
252.500000
253.000000
251.500000
250.000000
249.000000
248.000000
247.500000
247.000000
245.500000
244.000000
244.000000
244.000000
245.000000
246.000000
245.500000
245.000000
244.500000
244.000000
244.000000
244.000000
243.500000
243.000000
243.500000
244.000000
244.500000
245.000000
244.000000
243.000000
242.000000
241.000000
241.500000
242.000000
243.000000
244.000000
244.000000
244.000000
243.500000
243.000000
244.000000
245.000000
244.000000
243.000000
243.000000
243.000000
243.500000
244.000000
243.000000
242.000000
241.500000
241.000000
240.000000
239.000000
238.000000
237.000000
237.000000
237.000000