0
0
0
0
0
0
0
0
0
0
0
0
0
0
0
0
0
0
0
0
0
0
0
0
0
0
0
0
0
0
0
0
0
0
0
0
0
0
0.001893306
0.019440751
0.020059028
0.014109631
0.015612858
0.015448868
0.017034152
0.013311359
0.014462036
0.009592091
0.014500694
0.011159264
0.013332524
0.01355731
0.01426
0.014717634
0.015989541
0.030654247
0.055432753
0.120228972
0.252260953
0.462862499
0.65241169
0.77750832
0.824333103
0.832077099
0.835037767
0.838761115
0.864126031
0.883293587
0.90569382
0.921186621
0.936616967
0.931024626
0.927547539
0.916622744
0.9060165
0.897870416
0.903146598
0.908994286
0.920859439
0.924523699
0.918843658
0.907981319
0.898032665
0.88735796
0.873065866
0.857761622
0.846132814
0.843382711
0.857924772
0.879320632
0.903975503
0.919580552
0.946712663
0.969406608
0.993636046
0.999320649
1
0.995107621
0.984163047
0.979509527
0.978185449
0.972278886
0.96293492
0.95355824
0.938134944
0.924777929
0.909590075
0.902313691
0.892251397
0.890060534
0.891851681
0.899164865
0.910901434
0.924636296
0.938626228
0.953526854
0.971831245
0.987690608
0.996791216
0.993851876
0.9816383
0.958970396
0.893259218
0.736063596
0.52101528
0.332578748
0.195080476
0.117429222
0.075138809
0.050991983
0.032154822
0.015134166
0.004477169
0
0
0
0
0
0
0
0
0
0
0
0
0
0
0
0
0
0
0
0
0
0
0
0
0
0
0
0
0
0
0
0
0
0
0
0
0
0
0
0
0
0
0
0
0
0
0
0
0
0
0
0
0
0
0
0
0
0
0
0
0
0
0
0
0
0
0
0
0
0
0
0
0
0
0
0
0
0
0
0
0
0
0
0
0
0
0
0
0
0
0
0
0
0
0
0
0
0
0
0
0
0
0
0
0
0
0
0
0
0
0
0
0
0
0
0
0
0
0
0
0
0
0
0
0
0
0
0
0
0
0
0
0
0
0
0
0
0
0
0
0
0
0
0
0
0
0
0
0
0
0
0
0
0
0
0
0
0
0
0
0
0
0
0
0
0
0
0
0
0
0
0
0
0
0
0
0
0
0
0
0
0
0
0
0
0
0
0
0
0
0
0
0
0
0
0
0
0
0
0
0
0
0
0
0
0
0
0
0
0
0
0
0
0
0
0
0
0
0
0
0
0
0
0
0
0
0
0
0
0
0
0
0
0
0
0
0
0
0
0
0
0
0
0
0
0
0
0
0
0
0
0
0
0
0
0
0
0
0
0
0
0
0
0
0
0
0
0
0
0
0
0
0
0
0
0
0
0
0
0
0
0
0
0
0
0
0
0
0
0
0
0
0
0
0
0
0
0
0
0
0
0
0
0
0
0
0
0
0
0
0
0
0
0
0
0
0
0
0
0
0
0
0
0
0
0
0
0
0
0
0
0
0
0
0
0
0
0
0
0
0
0
0
0
0
0
0
0
0
0
0
0
0
0
0
0
0
0
0
0
0
0
0
0
0
0
0
0
0
0
0
0
0
0
0
0
0
0
0
0
0
0
0
0
0
0
0
0
0
0
0
0
0
0
0
0
0
0
0
0
0
0
0
0
0
0
0
0
0
0
0
0
0
0
0
0
0
0
0
0
0
0
0
0
0
0
0
0
0
0
0
0
0
0
0
0
0
0
0
0
0
0
0
0
0
0
0
0
0
0
0
0
0
0
0
0
0
0
0
0
0
0
0
0
0
0
0
0