0
0
0
0
0
0
0
0
0
0
0
0
0
0
0
0
0
0
0
0
0
0
0
0
0
0
0
0
0
0
0
0
0
0
0
0
0
0
0
0
0
0
0
0
0
0
0
0
0
0
0
0
0
0
0
0
0
0
0
0
0
0
0
0
0
0
0
0
0
0
0
0
0
0
0
0
0
0
0
0
0
0
0
0
0
0
0
0
0
0
0
0
0
0
0
0
0
0
0
0
0
0
0
0
0
0
0
0
0
0
0
0
0
0
0
0
0
0
0
0
0
0
0
0
0
0
0
0
0
0
0
0
0
0
0
0
0
0
0
0
0
0
0
0
0
0
0
0
0
0
0
0
0
0
0
0
0
0
0
0
0
0
0
0
0
0
0
0
0
0
0
0
0
0
0
0
0
0
0
0
0
0
0
0
0
0
0
0
0
0
0
0
0
0
0
0
0
0
0
0
0
0
0
0
0
0
0
0
0
0
0
0
0
0
0
0
0
0
0
0
0
0
0
0
0
0
0
0
0
0
0
0
0
0
0
0
0
0
0
0
0
0
0
0
0
0
0
0
0
0
0
0
0
0
0
0
0
0
0
0
0
0
0
0
0
0
0
0
0
0
0
0
0
0
0
0
0
0
0
0
0
0
0
0
0
0
0
0
0
0
0
0
0
0
0
0
0
0
0
0
0
0
0
0
0
0
0
0
0
0
0
0
0
0
0
0
0
0
0
0
0
0
0
0
0
0
0
0
0
0
0
0
0
0
0
0
0
0
0
0
0
0
0
0
0
0
0
0
0
0
0
0
0
0
0
0
0
0
0
0
0
0
0
0
0
0
0
0
0
0
0
0
0
0
0.000386696
0.003018401
0.01669158
0.028340486
0.0502885
0.08626388
0.149596686
0.258428566
0.425108406
0.631697563
0.803109115
0.904984654
0.939674653
0.944958731
0.948238826
0.963880684
0.979861632
0.991635585
0.996362309
1
0.998257939
0.998488834
0.989253171
0.98294089
0.968189827
0.958222106
0.951650369
0.947054991
0.944166995
0.948383123
0.946461415
0.942132884
0.929937199
0.914683918
0.893248878
0.873037871
0.852648452
0.836447483
0.824300756
0.814333379
0.810955964
0.803715941
0.791980175
0.783270185
0.767838865
0.754167357
0.742309406
0.727235815
0.719323269
0.713866399
0.718941021
0.726527917
0.738324031
0.750210769
0.761800392
0.769900245
0.781725199
0.78381047
0.783069959
0.782718588
0.781644143
0.780380397
0.781443024
0.781701218
0.78177353
0.780064535
0.777591823
0.770831803
0.764574958
0.753876586
0.743324604
0.733775698
0.722497914
0.712900724
0.699439134
0.688575227
0.674039061
0.657552716
0.643729834
0.62865391
0.614005803
0.603233252
0.594982815
0.588091928
0.585186507
0.582889219
0.581493721
0.580137218
0.574804624
0.576654614
0.572399696
0.570992768
0.569291451
0.571025201
0.570861066
0.572213154
0.575418141
0.577804028
0.579603586
0.579294979
0.578302049
0.57565598
0.569721665
0.561891364
0.556830745
0.549385012
0.545858439
0.542536249
0.541895109
0.539852497
0.537997281
0.53195493
0.522275927
0.505572421
0.48804203
0.469610434
0.456107021
0.445848869
0.443119818
0.445581498
0.447532506
0.440183411
0.418240241
0.369455837
0.301788007
0.235014942
0.174244972
0.122382945
0.083462794
0.056162189
0.038006008
0.024240249
0.014845963
0.006132899
0
0
0
0
0
0
0
0
0
0
0
0
0
0
0
0
0
0
0
0
0
0
0
0
0
0
0
0
0
0
0
0
0
0
0
0
0
0
0
0
0
0
0
0
0
0
0
0
0
0
0
0
0
0
0
0
0
0
0
0
0
0
0
0
0
0
0
0
0
0
0
0
0
0
0
0
0
0
0
0
0
0
0
0
0
0
0
0
0
0
0
0
0